36.75
-14.26666667
42.5
-8.833333333
18.21666667
17.11666667
-34.58333333
40.16666667
12.51666667
-35.26666667
48.2
40.38333333
25.08333333
26.23333333
23.71666667
13.1
53.9
50.83333333
17.25
6.483333333
32.28333333
27.46666667
-16.5
43.86666667
-24.63333333
-15.78333333
-7.3
18.41666667
4.883333333
42.68333333
12.36666667
-3.366666667
11.55
3.866666667
45.41666667
14.91666667
19.3
4.366666667
12.1
-33.45
39.91666667
-10.41666667
-12.16666667
4.6
-11.7
-21.2
9.933333333
6.816666667
45.8
23.11666667
12.1
35.16666667
50.08333333
-4.316666667
55.66666667
11.58333333
15.3
18.46666667
-0.216666667
30.05
13.7
3.75
15.33333333
59.43333333
9.033333333
-51.7
62
6.916666667
-18.13333333
60.16666667
48.86666667
-17.53333333
0.383333333
41.68333333
52.51666667
5.55
36.13333333
37.98333333
64.18333333
12.05
13.46666667
14.61666667
49.45
9.5
11.85
6.8
18.53333333
14.1
47.5
64.15
28.6
-6.166666667
35.7
33.33333333
53.31666667
54.15
31.76666667
41.9
18
35.68333333
49.18333333
31.95
51.16666667
-1.283333333
-0.883333333
42.66666667
29.36666667
42.86666667
17.96666667
56.95
33.86666667
-29.31666667
6.3
32.88333333
47.13333333
54.68333333
49.6
42
-18.91666667
-13.96666667
3.166666667
4.166666667
12.65
35.88333333
7.1
18.06666667
-20.15
19.43333333
47
43.73333333
47.91666667
42.43333333
16.7
34.01666667
-25.95
16.8
-22.56666667
-0.5477
27.71666667
52.35
-22.26666667
-41.3
12.13333333
13.51666667
9.083333333
-19.01666667
-29.05
39.01666667
35.183333
15.2
59.91666667
23.61666667
33.68333333
7.483333333
31.76666667
8.966666667
-9.45
-25.26666667
-12.05
14.6
-25.06666667
52.25
38.71666667
18.46666667
25.28333333
-4.25
44.43333333
55.75
-1.95
17.88333333
-15.93333333
17.3
14
18.0731
46.76666667
13.13333333
-13.81666667
43.93333333
0.333333333
24.65
14.73333333
44.83333333
-4.616666667
8.483333333
1.283333333
18.01666667
48.15
46.05
-9.433333333
2.066666667
9.55
-25.7
-54.283333
37.55
4.85
40.4
6.916666667
15.6
5.833333333
78.21666667
-26.31666667
59.33333333
46.91666667
33.5
25.03333333
38.55
-6.8
13.75
13.45
-8.583333333
6.116666667
-9.166667
-21.13333333
10.65
36.8
39.93333333
37.95
21.46666667
-8.516666667
0.316666667
50.43333333
24.46666667
51.5
38.883333
-34.85
18.35
41.31666667
-17.73333333
41.9
10.48333333
21.03333333
-13.95
15.35
-15.41666667
-17.81666667